75
86
97
74
89
99
73
63
92
104
83
93
69
103
72
93
77
61
100
72
106
67
103
93
62
110
82
98
63
107
66
77
87
103
60
13
23
8
295
282
271
255
243
225
196
213
203
193
219
197
210
189
215
194
221
246
235
225
238
199
209
246
200
253
229
239
198
214
246
230
258
268
228
259
248
201
249
220
189
178
166
146
156
143
169
139
128
143
172
160
137
122
141
175
152
126
146
120
143
167
232
242
184
199
235
204
183
158
148
164
135
125
65
75
95
61
16
53
12
27
2
44
287
6
294
49
10
30
96
67
114
124
154
188
216
256
266
203
262
187
254
219
266
283
45
295
29
99
110
59
104
57
7
33
23
89
67
123
55
11
47
281
42
275
251
188
261
227
165
181
159
218
202
237
173
246
270
36
263
187
221
262
191
215
163
137
172
239
249
229
194
184
247
203
260
208
247
172
134
165
144
117
104
68
84
127
62
108
56
9
286
50
282
250
200
183
150
189
269
39
295
270
186
255
270
203
246
223
253
188
277
40
288
299
33
95
68
113
55
110
30
8
64
103
78
20
30
113
133
168
178
257
209
233
166
223
161
203
268
41
283
10
278
291
39
278
48
121
132
142
173
132
61
99
32
117
66
124
46
282
245
224
275
192
261
39
299
28
14
91
74
102
88
24
114
54
125
63
104
55
281
52
126
163
145
160
188
259
170
241
210
221
184
273
39
285
61
128
101
69
58
112
71
61
6
290
60
108
30
292
209
259
205
195
220
253
177
140
125
112
98
73
21
10
91
79
69
5
232
245
174
266
171
263
190
268
42
52
278
266
186
277
12
94
78
101
132
176
270
251
199
260
39
289
8
32
256
199
254
274
193
226
236
174
158
204
214
160
217
206
179
253
209
242
287
41
31
107
71
81
91
32
288
17
90
293
272
186
197
242
256
267
170
134
66
138
158
219
200
159
182
206
155
123
58
278
56
45
127
57
257
234
220
188
265
43
259
177
263
167
134
60
9
31
289
13
92
133
166
264
254
57
291
90
20
58
80
123
62
125
106
84
96
106
116
67
86
286
44
284
263
202
253
281
51
126
47
123
70
277
59
140
153
135
162
138
59
126
109
119
35
6
296
90
63
86
96
32
18
1
37
262
206
216
162
180
201
190
257
213
164
179
263
34
268
173
130
94
84
74
104
72
123
164
154
243
207
175
231
251
224
288
273
34
254
218
297
269
170
131
120
63
123
143
63
277
267
43
57
251
209
94
8
19
30
290
39
297
28
111
121
108
98
214
224
253
57
258
40
261
249
200
242
170
180
194
259
57
261
168
132
46
36
117
27
8
60
101
118
82
68
103
76
66
56
280
192
174
208
95
77
49
34
271
201
211
221
239
171
261
193
251
149
159
203
166
156
240
216
230
28
17
294
284
88
288
43
256
184
174
164
251
261
287
33
44
285
52
122
99
62
75
64
107
60
257
197
165
263
57
255
267
57
265
284
294
4
14
24
34
6
37
267
51
127
105
85
75
64
53
126
116
148
136
126
173
193
162
222
255
265
186
176
189
262
180
132
97
107
69
81
119
66
148
131
141
151
237
211
201
188
270
281
0
11
22
288
274
184
277
287
297
9
27
39
57
250
239
211
92
105
116
146
136
59
143
57
260
43
53
277
56
271
170
201
238
248
231
241
155
138
63
126
136
63
121
111
26
16
6
47
127
43
295
28
42
26
113
101
138
123
159
208
192
177
16
1
291
1
12
25
36
267
298
58
46
127
170
266
279
290
0
10
299
117
87
97
76
66
54
68
133
114
124
136
165
153
142
132
143
161
171
194
183
195
206
196
186
273
291
111
123
113
57
249
236
247
204
194
222
208
258
171
247
257
216
226
236
216
203
214
204
214
225
215
156
166
177
206
196
253
263
170
268
56
123
134
147
137
127
139
150
246
216
206
191
201
212
202
168
158
148
63
76
90
80
70
100
118
128
118
131
119
108
98
88
99
120
109
59
70
81
91
101
91
101
89
79
90
100
89
78
88
77
65
43
290
280
290
0
28
17
6
293
3
279
289
276
286
296
35
45
35
16
26
37
49
283
44
34
24
14
3
293
278
288
260
249
149
159
173
184
174
186
262
278
268
278
53
280
270
259
248
258
240
251
241
184
174
184
245
153
143
55
65
76
100
110
100
60
50
61
50
60
44
34
22
11
21
32
42
30
18
8
18
29
19
9
298
8
19
29
19
8
298
12
22
32
42
31
21
31
21
9
19
31
41
53
64
74
85
95
112
122
132
44
33
22
10
299
9
299
288
278
288
278
267
277
267
257
269
259
269
279
289
299
289
279
268
57
47
58
48
59
69
84
74
84
74
84
288
298
8
19
9
299
9
19
9
299
11
1
291
281
50
40
295
5
293
4
14
24
34
45
55
66
76
86
96
106
116
126
136
161
171
181
191
201
211
232
222
212
201
213
167
157
141
127
117
103
115
125
135
124
134
124
113
123
133
123
112
102
88
98
125
115
128
138
148
252
264
274
284
274
56
46
58
68
79
68
57
262
273
257
267
279
290
255
245
234
223
237
216
206
216
226
237
227
239
252
57
256
266
256
246
220
209
219
229
240
171
161
149
247
258
248
258
183
194
205
157
168
157
147
137
147
158
188
178
189
176
186
198
208
220
207
197
187
199
189
199
209
220
210
220
210
220
210
200
182
171
184
194
184
195
205
216
202
249
239
229
239
229
239
270
259
270
260
270
258
248
237
225
237
227
217
229
219
209
199
186
196
207
197
187
164
154
144
154
143
133
143
133
143
133
123
113
125
55
45
34
44
56
67
77
67
78
88
78
68
58
45
57
264
254
243
233
223
233
245
210
200
211
200
190
200
211
200
210
220
230
240
230
220
230
240
251
266
57
47
58
74
84
94
104
114
103
92
102
112
62
72
83
94
105
93
103
93
83
94
104
67
77
87
77
88
78
88
76
66
56
68
58
70
80
68
78
68
57
68
78
67
57
248
258
244
234
223
213
193
204
190
202
191
202
192
182
193
183
173
163
175
190
200
190
178
188
198
188
252
241
251
241
201
190
178
188
178
168
179
168
158
169
179
189
178
166
154
144
156
146
136
146
253
191
181
169
181
170
181
197
187
197
185
175
185
195
182
193
183
193
179
167
157
146
156
168
179
190
202
191
177
166
176
129
115
128
118
107
120
107
97
107
96
86
75
85
75
64
74
84
95
105
95
84
73
83
93
82
94
104
93
103
113
102
92
102
112
122
132
122
112
126
136
126
136
126
136
146
156
166
176
166
156
167
157
167
155
142
153
163
153
165
155
144
134
144
134
144
154
144
119
108
118
106
116
105
94
105
95
105
95
105
95
108
98
88
77
88
98
109
98
88
76
86
96
86
76
88
78
89
99
88
98
109
123
113
102
112
102
112
122
111
100
111
101
112
123
112
122
133
123
111
99
88
98
87
76
65
52
280
268
257
246
257
267
278
268
257
247
236
246
256
246
236
246
236
246
236
225
215
205
165
175
186
174
201
211
199
209
199
189
200
189
200
210
220
230
241
231
241
229
219
207
197
187
197
251
241
231
221
232
243
263
253
265
255
265
255
243
233
244
254
244
257
246
236
248
258
280
270
280
291
280
270
258
248
258
248
258
268
258
248
237
226
236
246
236
246
257
247
257
267
257
269
259
249
259
271
281
271
281
271
283
293
29
41
27
17
27
17
6
17
27
15
5
295
6
16
6
295
285
295
284
40
50
61
51
41
55
66
79
91
72
62
72
82
95
84
95
83
69
79
89
77
88
98
86
76
123
134
148
159
169
159
169
179
169
182
172
162
151
141
131
121
109
119
129
141
151
161
171
161
171
161
172
162
152
142
154
164
174
184
194
184
174
185
196
185
174
185
195
183
172
183
172
161
149
160
149
139
129
119
132
143
153
163
175
165
176
186
196
186
197
187
177
167
156
145
155
166
178
168
178
188
200
190
201
190
180
190
179
190
200
190
180
170
159
148
159
149
252
241
252
264
250
239
251
240
252
262
276
262
285
275
265
277
288
277
265
275
285
274
264
253
264
254
264
275
286
297
287
276
266
256
266
276
286
296
6
16
6
16
6
16
27
15
35
25
35
47
58
140
129
139
129
118
107
96
85
96
86
72
61
51
41
31
42
28
18
8
295
6
16
6
16
5
295
6
295
285
298
288
278
288
278
268
257
269
279
290
279
289
277
267
277
265
255
245
256
246
257
247
259
269
258
272
283
273
283
273
262
272
282
272
283
293
5
295
284
274
285
273
263
275
265
275
286
296
284
274
285
37
47
37
26
12
1
287
276
288
278
268
258
268
280
290
0
11
1
14
25
2
14
27
37
27
15
26
16
6
16
5
295
284
270
280
270
283
273
263
273
56
46
35
21
11
21
32
22
33
19
32
42
52
42
52
41
28
17
298
287
276
286
276
286
273
283
272
261
271
282
271
260
249
259
269
279
268
278
268
278
288
298
288
299
289
279
268
279
291
1
11
1
291
1
290
280
291
1
291
280
290
1
289
278
289
279
289
279
267
277
266
277
266
253
264
275
285
275
265
276
266
276
266
255
244
254
243
233
243
228
238
248
258
248
260
249
262
252
262
273
283
273
284
294
284
295
5
293
3
293
3
290
48
58
68
58
48
60
50
39
50
40
50
40
26
14
27
45
55
65
75
64
53
64
75
86
76
66
76
86
74
63
53
43
33
23
13
23
34
45
55
44
34
44
34
24
13
23
13
23
33
23
38
50
40
30
20
9
21
31
20
10
299
9
20
31
44
31
42
52
41
31
17
27
38
49
59
70
60
50
40
52
42
52
62
52
63
74
84
72
62
73
84
74
84
74
63
73
62
52
42
32
51
41
51
41
30
40
29
19
6
17
28
38
28
38
28
15
5
16
5
15
25
35
25
35
25
35
25
14
2
16
26
36
22
32
22
34
45
55
39
29
39
296
284
294
284
294
284
273
284
294
282
271
261
251
239
225
236
248
260
270
280
270
280
290
3
14
24
34
44
34
44
34
45
55
65
78
66
55
45
35
46
56
279
290
0
11
22
32
22
32
22
34
24
34
24
14
24
37
47
33
43
53
40
50
60
70
82
92
104
114
125
115
125
136
123
133
123
135
145
135
124
111
101
91
81
91
81
91
81
91
80
90
80
69
80
92
82
68
78
88
99
112
123
113
103
113
101
91
104
117
127
114
103
113
123
135
125
135
125
115
126
138
149
159
169
159
149
138
148
138
149
160
150
139
149
159
169
159
148
138
148
136
148
158
148
159
148
138
148
158
168
158
148
138
127
115
105
95
105
95
85
96
107
95
105
93
83
73
60
49
39
28
39
49
60
70
60
70
80
69
79
69
79
67
56
46
57
141
151
161
171
161
172
182
192
202
212
222
212
226
215
225
235
249
237
227
217
202
191
178
168
178
188
175
186
176
165
155
165
153
164
174
164
153
143
153
142
152
162
172
183
173
185
198
186
196
186
176
166
156
146
157
147
133
63
74
84
94
107
96
86
97
87
77
87
77
65
75
63
51
41
29
17
7
18
28
17
28
17
5
295
285
275
264
252
263
273
285
275
286
275
264
274
264
275
265
275
287
298
8
19
5
295
283
273
288
299
9
298
288
276
288
0
290
1
290
279
268
283
273
283
272
262
272
262
277
265
254
265
252
262
252
262
272
283
294
4
292
2
15
4
294
283
273
263
273
263
253
240
252
242
255
244
256
245
255
266
254
243
253
243
233
243
255
245
235
245
234
245
257
268
258
248
258
244
255
265
255
244
231
241
231
241
226
237
227
216
206
216
206
216
206
196
206
216
226
215
204
194
184
194
204
194
184
174
164
175
164
175
164
174
184
195
205
216
205
215
205
217
206
196
185
173
163
149
134
144
154
143
153
163
175
186
176
166
156
145
157
146
156
144
133
144
133
123
136
126
136
152
162
152
140
128
118
128
138
125
136
124
114
104
115
104
114
103
92
80
94
83
71
83
93
83
94
104
94
84
72
87
75
64
76
87
99
109
119
109
119
106
96
83
73
84
72
83
73
63
75
86
97
87
77
63
52
42
32
42
52
42
52
63
73
63
73
63
83
109
119
131
119
132
121
109
99
87
77
66
76
66
81
92
102
92
81
70
80
70
81
92
102
92
82
72
83
94
104
94
104
115
125
115
126
136
126
116
127
113
123
112
122
112
123
142
132
122
133
143
153
163
173
183
193
205
195
205
215
225
214
204
214
203
193
182
172
161
151
140
152
142
131
116
104
94
104
93
83
64
74
63
53
43
54
64
54
64
74
64
74
64
76
65
54
44
54
43
53
63
73
63
53
63
53
63
52
42
52
62
107
118
108
119
108
98
108
96
109
99
110
120
130
119
109
119
108
118
128
141
131
102
92
102
91
79
91
81
93
103
113
102
87
98
109
119
133
123
111
99
88
99
89
79
89
99
89
79
68
58
72
62
52
42
32
21
11
0
10
20
10
0
290
0
10
0
289
279
267
278
289
299
288
298
286
1
13
299
289
0
290
279
269
258
269
258
248
238
248
258
268
258
270
280
270
259
248
232
221
231
244
254
266
256
266
276
286
296
9
296
286
276
286
48
38
48
37
27
37
27
17
27
38
28
18
5
295
284
295
5
293
5
295
5
17
29
39
49
37
50
61
50
40
50
62
74
85
96
85
95
105
117
127
117
105
115
127
138
148
159
148
159
170
180
170
159
169
179
168
158
168
178
166
177
187
197
185
196
186
176
187
200
210
200
187
177
166
156
167
177
